DAS IST PHRASE!
"Auswahl von Materialien"
We are sending from 51.15.82.176
There is no captcha!
Following query was issued to GS:
https://scholar.google.com/scholar?start=0&as_q=&as_epq=%22Auswahl%20von%20Materialien%22&as_oq=&as_eq=&as_occt=title&as_sauthors=&as_publication=&as_ylo=2016&as_yhi=2020&as_vis=0&btnG=&hl=en&as_sdt=1%2C5
There are no articles in this time period!
